 9.99995766e-01	 -1.88792221e-03	 -2.21453870e-03	  2.50915000e-05	
 1.89050428e-03	  9.99997535e-01	  1.16444747e-03	  9.32049000e-04	
 2.21233485e-03	 -1.16862913e-03	  9.99996870e-01	  5.66633000e-04	
 0.00000000e+00	  0.00000000e+00	  0.00000000e+00	  1.00000000e+00	
